-3.782794931295686780e+00
-3.782794931295686780e+00
-3.782794931295686780e+00
-3.782794931295686780e+00
-3.782794931295686780e+00
-3.782794931295686780e+00
-3.782794931295686780e+00
-3.782794931295686780e+00
-3.782794931295686780e+00
-3.782794931295686780e+00
-3.782794931295686780e+00
-1.722636036707865248e+00
-3.782794931295686780e+00
-3.782794931295686780e+00
-3.782794931295686780e+00
-3.782794931295686780e+00
-3.782794931295686780e+00
-3.782794931295686780e+00
2.408501923586472970e-02
-3.471134403392154288e-01
-4.397035645901013479e-01
-3.782794931295686780e+00
-3.782794931295686780e+00
-3.906247444066073271e-01
-1.766756309870945174e-01
-4.560792804676377377e-01
-3.614620360833299406e-01
-5.185876323052540648e-01
-5.519402758808733545e-01
-9.014327228626710653e-01
-5.243431272857252967e-01
-6.589784014350708041e-01
-1.011771768784679670e+00
-1.050877436292479761e+00
-1.099561297755205613e+00
-1.762852528396626983e+00
-1.679796782485329265e+00
-1.710081511179615932e+00
-1.879066584970323639e+00
-1.916790856758941120e+00
-2.234314526933096623e+00
-2.349387355913997499e+00
-2.546377949953595898e+00
-2.699574850854802754e+00
-2.889358042692849349e+00
-3.343350015828442601e+00
-3.667722102314974197e+00
-3.620608888052420760e+00
-3.782794931295686780e+00
-3.782794931295686780e+00
