-2.109549717444345607e+00
-1.631239302595643537e+00
-1.284980502973481542e+00
-1.320825366449353666e+00
-1.238907601390950575e+00
-9.987324884086803412e-01
-1.100239053019958169e+00
-6.938764675899193879e-01
-7.864811879838118358e-01
-5.246806017988991933e-01
-5.580197430369285838e-01
-4.498054453360756710e+00
-3.955806153182737095e-01
-5.019682309421438227e-01
-5.287383814276089833e-01
-3.949907068578308866e-01
-7.364818449491817853e-01
-3.087198466599089808e-01
-4.139156306044784461e-01
-6.229280469362917794e-01
-4.382592989632006497e-01
-7.539989585347183221e-01
-6.733176705041793442e-01
-8.286253942469505862e-01
-8.919351530514161297e-01
-8.940799303079813853e-01
-9.145355149043852272e-01
-1.160918531651993435e+00
-1.267199797945195883e+00
-1.339433372703017433e+00
-1.401788692593314289e+00
-1.616692244927518729e+00
-1.727031290849011747e+00
-1.766136958356791187e+00
-1.977006863062794828e+00
-2.038667134993697783e+00
-2.232870261306378445e+00
-2.425341033243922695e+00
-2.521397484317034809e+00
-2.693710650754018943e+00
-2.949574048997600784e+00
-3.064646877978312922e+00
-3.261637472017430817e+00
-3.619164622426269240e+00
-3.666277836688822678e+00
-4.058609537893512531e+00
-3.943536708912800837e+00
-4.498054453360756710e+00
-4.498054453360756710e+00
-4.498054453360756710e+00
