-2.249669091518595287e+00
-1.810224176051350886e+00
-1.605893926544955441e+00
-1.532965303827372949e+00
-1.417892474846660811e+00
-9.621187615713147068e-01
-9.621187615713149288e-01
-7.451890452411711330e-01
-5.280430542369288771e-01
-5.445971407020705479e-01
-5.069855608427609184e-01
-1.895101969307746992e-01
-3.694769452016302136e-01
-3.731299386269392726e-01
-3.768166006689088743e-01
-2.846071372241759101e-01
-3.551897121607985319e-01
-3.247953493696297267e-01
-2.249669091518595287e+00
-2.249669091518595287e+00
-2.249669091518595287e+00
-4.633058440567633385e-01
-5.334853150592402393e-01
-2.249669091518595287e+00
-2.249669091518595287e+00
-2.249669091518595287e+00
-2.249669091518595287e+00
-2.249669091518595287e+00
-2.249669091518595287e+00
-2.249669091518595287e+00
-2.249669091518595287e+00
-2.249669091518595287e+00
-2.249669091518595287e+00
-2.249669091518595287e+00
-2.249669091518595287e+00
-2.249669091518595287e+00
-2.249669091518595287e+00
-2.249669091518595287e+00
-2.249669091518595287e+00
-2.249669091518595287e+00
-2.249669091518595287e+00
-2.249669091518595287e+00
-2.249669091518595287e+00
-2.249669091518595287e+00
-2.249669091518595287e+00
-2.249669091518595287e+00
-2.249669091518595287e+00
-2.249669091518595287e+00
-2.249669091518595287e+00
-2.249669091518595287e+00
