-2.301730480989848004e+00
-1.876832623190955118e+00
-1.477161266518983940e+00
-1.416541307268101235e+00
-1.207242049762283997e+00
-1.056324357305697514e+00
-7.913146291673132104e-01
-7.093241302238064705e-01
-5.668141846568501840e-01
-4.930150501702318389e-01
-4.112813624275493685e-01
-3.448396557714621391e-01
-4.110282779521601815e-01
-4.168901222636678394e-01
-3.090713781006488858e-01
-4.525825757548467831e-01
-4.275574210965367716e-01
-5.543131672552186195e-01
-5.764532052884946411e-01
-5.912624953076255352e-01
-7.926261057519647935e-01
-8.845194501493246486e-01
-9.431608398260747927e-01
-1.182992201035742097e+00
-1.264909966094135418e+00
-1.404232643801428981e+00
-1.369428093005479852e+00
-1.380696443792280625e+00
-1.657955316016180181e+00
-1.808873008472570376e+00
-1.825896854240088629e+00
-1.971059051716180566e+00
-1.996874460170864785e+00
-2.347061955113802778e+00
-2.416803309970532609e+00
-2.755722454125676624e+00
-3.634612285061084691e+00
-3.357353412837104756e+00
-3.080094540613126597e+00
-3.634612285061084691e+00
-3.634612285061084691e+00
-3.634612285061084691e+00
-3.357353412837104756e+00
-3.634612285061084691e+00
-3.634612285061084691e+00
-3.634612285061082915e+00
-3.634612285061084691e+00
-3.634612285061084691e+00
-3.634612285061084691e+00
-3.634612285061084691e+00
