-2.196235701678065588e+00
-2.196235701678065588e+00
-1.552460536704423744e+00
-1.364459085006129335e+00
-1.479531913986841696e+00
-1.113015621237179564e+00
-8.929970864694708466e-01
-8.357567490132015164e-01
-6.235054485883333442e-01
-6.647791430824256942e-01
-4.484565606912559454e-01
-3.918918990713236572e-01
-3.831959044167613238e-01
-4.335480027723624952e-01
-4.191751990819370666e-01
-4.692404562635394960e-01
-4.746096643963958472e-01
-5.264807937198088261e-01
-6.235054485883333442e-01
-5.264807937198097143e-01
-7.011678543647164030e-01
-6.825598481107593152e-01
-9.598187203347374741e-01
-8.779009552763320512e-01
-1.062950364055577301e+00
-9.598187203347374741e-01
-1.040086998519597961e+00
-1.275201664480445585e+00
-1.417871642055938519e+00
-1.641717957230107494e+00
-1.641717957230107494e+00
-1.364459085006129335e+00
-1.479531913986841696e+00
-2.196235701678063812e+00
-1.417871642055938519e+00
-1.756790786210819633e+00
-1.641717957230107494e+00
-2.196235701678063812e+00
-2.196235701678063812e+00
-2.196235701678065588e+00
-2.196235701678063812e+00
-1.756790786210819633e+00
-2.196235701678065588e+00
-2.196235701678065588e+00
-2.196235701678065588e+00
-2.196235701678065588e+00
-2.196235701678065588e+00
-2.196235701678065588e+00
-2.196235701678065588e+00
-2.196235701678065588e+00
